        1e-09   -0.0083616
        3e-09    -0.014742
        5e-09    -0.011602
        1e-08   -0.0022555
        3e-08     0.017296
        5e-08     0.015863
        7e-08      0.04268
        1e-07     0.074394
        2e-07       0.1408
        3e-07      0.23992
        5e-07      0.39438
        6e-07      0.47769
        7e-07      0.55393
        8e-07       0.6254
        1e-06      0.70533
        3e-06      0.92928
        5e-06      0.95814
        1e-05      0.99236
        3e-05      0.99865